0 200 110 40 15 160 70 
200 0 90 160 185 40 130 
110 90 0 70 95 50 40 
40 160 70 0 25 120 30 
15 185 95 25 0 145 55 
160 40 50 120 145 0 90 
70 130 40 30 55 90 0 
200
0 4 128 123 113 129 123 150 
4 0 124 119 109 125 119 146 
128 124 0 19 15 23 5 22 
123 119 19 0 18 6 22 27 
113 109 15 18 0 22 10 37 
129 125 23 6 22 0 26 29 
123 119 5 22 10 26 0 27 
150 146 22 27 37 29 27 0 
304
0 110 88 78 87 30 80 107 24 59 53 65 
110 0 94 38 23 86 90 73 90 51 57 121 
88 94 0 56 115 58 60 27 112 79 43 91 
78 38 56 0 59 54 58 35 58 23 25 89 
87 23 115 59 0 63 107 94 67 36 72 98 
30 86 58 54 63 0 50 83 54 35 29 35 
80 90 60 58 107 50 0 87 104 71 35 31 
107 73 27 35 94 83 87 0 91 58 54 118 
24 90 112 58 67 54 104 91 0 39 69 89 
59 51 79 23 36 35 71 58 39 0 36 70 
53 57 43 25 72 29 35 54 69 36 0 64 
65 121 91 89 98 35 31 118 89 70 64 0 
366
